31
1 113.590000 0.000000 32.024000
111.102219 17.037308 33.866360
111.048993 18.025503 33.722702
108.805610 21.133046 33.170373
108.805610 21.133046 33.170373
107.030821 25.247559 31.294607
105.155341 29.509056 29.793291
103.724340 31.955451 29.264957
103.180066 32.794337 29.270950
103.180066 32.794337 29.270950
101.891886 34.051456 28.614655
98.888605 37.554246 26.898092
98.063476 38.106275 26.777983
97.238347 38.658304 26.657875
99.003003 37.361371 26.413329
98.292272 37.720525 25.808457
97.581541 38.079679 25.203586
97.581541 38.079679 25.203586
99.361828 38.434171 28.659712
98.590047 38.991486 28.353516
97.818267 39.548801 28.047321
97.818267 39.548801 28.047321
100.133608 37.876856 28.965907
102.624039 31.607288 27.690576
101.800567 32.495925 26.177030
101.800567 32.495925 26.177030
98.406035 34.779320 20.769369
98.406035 34.779320 20.769369
99.887283 35.702285 20.504700
99.887283 35.702285 20.504700
100.008953 34.620633 23.300273
101.383298 32.594567 26.566514
101.383298 32.594567 26.566514
98.013055 34.513183 23.586062
97.225299 35.047643 21.827144
97.715444 35.809203 23.427209
97.369699 36.590827 22.908052
97.369699 36.590827 22.908052
97.369699 36.590827 22.908052
102.005405 31.924751 26.971890
104.812887 30.277679 29.252972
105.741640 29.748287 29.921285
104.278653 33.050450 28.442686
104.278653 33.050450 28.442686
103.909529 34.485836 27.206869
102.842778 38.112769 24.144434
101.884133 38.894643 22.572914
101.884133 38.894643 22.572914
103.733802 39.322112 22.426275
103.322100 37.721833 24.930194
103.593300 34.688520 27.706097
101.472543 39.439096 25.136833
101.280642 40.102486 24.413585
101.948009 40.047066 26.084992
101.993841 41.014441 25.835824
105.697252 31.913509 28.013415
105.679507 32.522847 27.220703
106.228711 33.967430 26.052760
108.406598 38.151009 21.280334
108.406598 38.151009 21.280334
108.190102 38.587864 23.167983
108.812717 39.326518 22.909641
106.944871 37.110557 23.684666
105.680159 33.840911 25.803181
106.127224 37.365549 21.224507
106.557314 37.963348 20.548002
106.557314 37.963348 20.548002
106.557314 37.963348 20.548002
105.209834 37.061995 22.129204
105.095414 38.846083 21.232578
105.732744 30.694833 29.598839
105.626880 28.889810 30.421133
106.694633 24.170894 31.989579
106.140891 24.995692 32.103941
103.090490 28.742648 31.272250
103.090490 28.742648 31.272250
101.829999 30.171382 30.899789
100.204930 31.289613 30.570079
100.204930 31.289613 30.570079
99.054910 32.541890 29.638910
95.410039 35.996626 26.660317
94.696207 36.296604 26.027501
94.696207 36.296604 26.027501
96.149381 37.056783 25.523818
93.797131 36.355577 27.819875
95.213915 35.747066 29.510733
94.892565 36.669038 29.294627
94.571216 37.591010 29.078520
99.432929 31.783865 30.170418
102.115493 30.161932 30.416496
101.588451 30.711599 29.768349
101.061410 31.261265 29.120203
100.664404 32.798527 28.010738
99.067970 37.079629 24.346735
98.925173 37.617748 23.516050
98.925173 37.617748 23.516050
100.021458 38.549847 24.569537
99.353563 36.003391 26.008104
100.095465 32.546054 28.071752
97.266693 37.046247 23.850309
96.655794 36.417618 25.357076
96.126664 37.243343 25.161631
97.714054 34.766167 25.747966
103.140021 28.865679 31.843151
100.748582 31.833982 30.969820
100.092025 33.634370 30.666937
100.092025 33.634370 30.666937
97.990798 38.002696 29.879371
97.736678 38.835367 29.387353
97.482557 39.668038 28.895336
97.482557 39.668038 28.895336
97.482557 39.668038 28.895336
98.212999 38.167491 30.307817
98.149158 40.162424 30.180675
98.149158 40.162424 30.180675
98.244919 37.170024 30.371388
99.606471 33.325253 30.535618
99.606471 33.325253 30.535618
96.372429 37.980115 29.118388
96.095358 38.927324 28.957058
96.095358 38.927324 28.957058
96.305738 36.833081 29.677659
95.064073 38.327848 30.150881
100.364574 32.675349 30.589505
102.432803 30.663275 31.865639
102.289210 31.646271 31.751182
101.736507 34.475309 32.074721
100.696105 39.241132 32.669709
100.855941 40.221044 32.788977
101.015777 41.200956 32.908245
100.390951 39.860499 33.742577
100.318292 40.660138 34.338646
100.318292 40.660138 34.338646
100.536269 38.261220 32.550441
98.797926 40.602524 31.137046
103.437569 27.918881 31.720518
107.248375 23.346096 31.875218
110.680998 19.870093 33.325333
110.544698 20.744319 32.859338
110.408399 21.618545 32.393343
110.408399 21.618545 32.393343
111.014242 25.294008 31.260634
111.165386 26.276518 31.369399
111.662656 31.037425 30.340551
111.383078 34.656874 28.953902
111.383078 34.656874 28.953902
111.625108 36.191971 27.811320
112.204808 40.345204 25.225916
112.073497 41.038233 24.517066
111.942187 41.731263 23.808217
111.942187 41.731263 23.808217
112.723186 40.128421 25.145229
113.110253 40.604668 24.355693
113.497321 41.080916 23.566157
113.497321 41.080916 23.566157
111.239687 36.437345 28.217745
110.551933 40.872321 26.295047
110.729525 42.283073 24.888548
111.094005 42.044165 26.718920
111.409439 42.982775 26.579232
111.409439 42.982775 26.579232
110.463137 40.166945 26.998297
112.578622 33.244046 28.707627
112.876287 33.886860 28.001804
114.086512 35.116830 27.120318
116.625771 38.416839 24.516035
117.814009 39.127028 23.072525
117.814009 39.127028 23.072525
117.814009 39.127028 23.072525
118.685642 39.375739 24.758468
116.031651 38.061744 25.237790
113.544702 35.269225 26.846245
113.544702 35.269225 26.846245
115.861958 39.284030 23.356860
116.557551 39.868707 22.939364
116.557551 39.868707 22.939364
115.121529 40.987922 23.625305
115.121529 40.987922 23.625305
114.470772 38.114676 24.191852
113.414438 34.409975 27.340937
112.130199 33.901770 30.291135
112.283335 34.804870 29.889937
113.180455 36.492524 29.706721
113.180455 36.492524 29.706721
115.345091 40.832999 29.240208
116.027066 41.459477 28.862800
116.709040 42.085955 28.485392
116.050136 41.600126 29.983739
116.743645 42.296928 30.166800
116.743645 42.296928 30.166800
112.663985 36.614065 29.348699
113.807246 41.107132 27.909676
115.037792 42.682803 27.854737
115.037792 42.682803 27.854737
113.367122 43.302560 28.200702
113.191973 40.319297 27.937145
112.710359 35.629915 29.519867
113.019561 33.696791 31.174447
113.617379 34.497401 31.214905
114.448067 36.046987 32.037291
116.723620 40.055054 33.685442
117.478557 40.585535 34.071005
118.233495 41.116016 34.456568
118.233495 41.116016 34.456568
116.513495 40.722462 34.805946
114.539391 36.173119 31.497186
114.539391 36.173119 31.497186
117.987751 40.728674 32.575692
118.556883 41.373974 33.085277
116.988050 40.403947 31.775363
117.265179 42.335690 32.213047
117.265179 42.335690 32.213047
117.265179 42.335690 32.213047
114.240640 35.218980 31.516350
111.823925 32.095570 31.093531
111.245943 30.228171 30.754624
110.532342 25.227660 30.925493
110.201587 26.143823 30.699116
110.201587 26.143823 30.699116
109.934146 30.635119 28.813303
109.893618 33.226424 27.444899
109.844326 34.031736 26.854101
109.844326 34.031736 26.854101
110.482909 35.694374 26.100115
110.482909 35.694374 26.100115
111.703062 40.032493 24.172807
112.420381 41.302714 22.804599
112.420381 41.302714 22.804599
112.420381 41.302714 22.804599
112.029278 40.103814 24.678308
113.399030 41.516678 24.321104
111.344402 39.397382 24.856910
109.983334 39.865916 23.336688
110.400240 40.675707 22.923859
110.817146 41.485498 22.511030
110.817146 41.485498 22.511030
109.520033 40.048990 23.639671
109.427244 42.034720 23.419978
109.427244 42.034720 23.419978
109.566428 39.056125 23.749517
110.069422 34.796310 26.250148
111.027007 33.179165 27.930029
111.544410 33.960848 27.581797
115.012637 40.910739 27.303934
115.716443 41.616161 27.387825
115.716443 41.616161 27.387825
115.716443 41.616161 27.387825
114.008585 41.317017 27.867732
114.210365 42.225578 28.233522
114.939816 40.706936 25.726033
115.391276 41.594204 25.820574
113.974656 39.904186 25.309460
113.912417 40.875975 25.081967
113.850177 41.847764 24.854474
113.850177 41.847764 24.854474
113.850177 41.847764 24.854474
109.992202 31.615799 28.626494
109.356357 30.666789 29.047240
109.341099 33.376386 28.018449
109.491916 34.263413 27.582057
110.385721 41.962734 27.403192
110.829335 42.858482 27.432207
110.829335 42.858482 27.432207
109.564884 42.822191 28.748029
109.564884 42.822191 28.748029
109.564884 42.822191 28.748029
109.498493 40.171237 27.345162
110.278822 40.737536 25.525595
110.460260 41.714719 25.636025
110.641699 42.691901 25.746455
109.390600 41.608297 25.122652
109.037209 42.532269 24.976396
109.037209 42.532269 24.976396
109.121506 32.583178 29.067899
109.203546 33.564024 29.244565
109.285586 34.544870 29.421231
109.285586 34.544870 29.421231
108.700492 36.334902 29.869655
107.320967 42.611247 31.995154
106.267914 41.463989 31.111547
105.635685 42.128756 31.509507
105.635685 42.128756 31.509507
105.635685 42.128756 31.509507
109.246830 36.469032 29.621975
109.246830 36.469032 29.621975
108.700976 43.045552 31.032958
108.930636 43.273683 29.275339
108.930636 43.273683 29.275339
109.667859 40.436225 29.911997
109.209355 35.480250 29.766561
109.039465 31.602332 28.891232
110.863098 24.311498 31.151870
110.817297 18.995868 33.791329
110.969453 16.931720 34.441771
110.783461 17.814327 34.873526
109.883473 19.504434 35.057379
109.436768 20.380821 34.877375
108.990063 21.257207 34.697370
108.990063 21.257207 34.697370
108.076432 26.014509 34.904528
108.076432 26.014509 34.904528
106.858970 30.745327 35.236223
106.858970 30.745327 35.236223
106.327267 32.593836 35.301618
105.800518 33.442512 35.349412
105.273768 34.291188 35.397206
105.273768 34.291188 35.397206
104.684102 36.003993 34.757207
102.314525 40.965792 32.941565
103.544219 40.470323 33.110302
103.327623 41.918949 31.748477
104.471153 36.058442 35.322570
104.471153 36.058442 35.322570
102.156302 40.358082 35.087051
101.783252 41.167471 34.633483
102.550910 40.548013 35.570557
102.572470 41.547332 35.600495
102.594029 42.546651 35.630432
102.594029 42.546651 35.630432
104.727269 35.101522 35.185789
106.624350 33.543329 34.408933
106.509518 34.442414 33.986487
106.509518 34.442414 33.986487
107.976378 40.900874 32.262823
108.676452 42.395749 31.133556
108.676452 42.395749 31.133556
108.676452 42.395749 31.133556
108.231670 40.948835 32.797151
108.836998 41.744233 32.766846
109.442327 42.539632 32.736540
109.442327 42.539632 32.736540
106.426463 36.291452 33.407682
106.660302 42.533702 30.694266
105.750932 40.924129 31.989808
105.738708 41.918420 32.095803
105.726483 42.912712 32.201799
105.726483 42.912712 32.201799
106.641341 35.322558 33.530452
107.037002 30.674472 35.860231
107.037002 30.674472 35.860231
106.820446 32.568792 36.177059
106.451190 34.527056 36.007198
106.451190 34.527056 36.007198
106.873466 36.397777 36.074383
107.890253 43.010063 35.565498
109.439357 42.582217 36.677196
109.439357 42.582217 36.677196
109.439357 42.582217 36.677196
107.510554 40.286083 36.763731
106.242517 36.455350 36.043712
105.641636 41.287198 35.679824
106.239796 43.165866 35.343946
105.443358 43.062343 37.121125
105.443358 43.062343 37.121125
105.443358 43.062343 37.121125
106.485661 35.509992 35.826506
107.675395 33.464288 36.452884
108.638309 35.970573 37.474193
110.053736 40.133323 39.626984
110.695013 40.848537 39.904890
111.336290 41.563752 40.182796
111.336290 41.563752 40.182796
110.106262 40.522171 40.865548
110.453163 41.074203 41.623783
110.453163 41.074203 41.623783
109.412459 39.418108 39.349078
108.513176 36.237102 36.916863
108.513176 36.237102 36.916863
110.476803 41.609853 38.056840
109.327491 42.867068 38.265194
109.327491 42.867068 38.265194
108.484862 35.243821 36.804651
106.835618 29.774300 35.474050
107.730981 24.919622 34.252667
107.085575 25.683091 34.276485
105.146957 30.095180 33.485135
105.146957 30.095180 33.485135
104.076611 32.687937 32.670868
103.680948 33.504361 32.250271
102.974000 40.954636 30.214939
103.332381 40.196609 31.224655
104.136801 42.018550 31.041793
104.136801 42.018550 31.041793
102.962551 35.188131 31.684384
101.115753 39.330982 29.891316
101.165297 40.282737 29.588482
101.214840 41.234491 29.285648
100.233853 40.188586 30.376915
99.817674 41.093265 30.468297
103.535613 34.374047 31.778546
105.011974 32.016518 33.277746
105.300050 33.939379 32.809114
107.220331 42.396190 33.515120
105.851927 40.683111 33.839809
106.181882 42.404413 34.803267
105.686950 39.822461 33.358079
106.027482 40.641408 31.713274
106.268353 41.587310 31.930646
106.509223 42.533212 32.148019
106.509223 42.533212 32.148019
105.472590 40.642723 31.560482
105.158569 41.589940 31.625062
104.844548 42.537157 31.689642
104.844548 42.537157 31.689642
104.844548 42.537157 31.689642
105.786612 39.695506 31.495901
104.867936 31.055087 33.512062
104.617598 29.876299 33.759431
104.617598 29.876299 33.759431
103.664882 32.580898 33.339617
101.667956 42.003861 33.898745
101.667956 42.003861 33.898745
100.868504 40.601028 34.859359
101.355911 39.024987 33.728639
102.967990 35.375285 32.827234
102.133387 40.135075 32.139775
101.992146 41.079975 32.435097
101.850905 42.024875 32.730420
101.850905 42.024875 32.730420
100.953004 40.683721 31.694014
100.292192 41.430493 31.618796
102.274628 39.190175 31.844452
103.404310 32.388501 34.582125
103.110598 33.254700 34.986393
101.877462 34.548444 35.740902
99.134373 38.111473 37.667040
98.317548 39.194269 39.136853
98.317548 39.194269 39.136853
98.317548 39.194269 39.136853
96.950561 38.591853 38.044043
96.950561 38.591853 38.044043
99.542786 37.570075 36.932134
99.315529 40.181701 38.458972
100.771246 39.350358 36.921654
100.209466 40.175543 36.862720
99.647687 41.000728 36.803786
101.333026 38.525173 36.980588
102.661010 33.964476 35.528692
105.165706 29.095696 33.459035
110.295617 19.600293 35.468782
110.261058 20.572538 35.700181
110.226498 21.544783 35.931579
109.809567 25.427588 38.742470
109.183196 29.412550 41.440743
108.807954 33.029643 42.813550
108.807954 33.029643 42.813550
110.228505 39.449047 44.611433
110.396276 40.422094 44.453217
110.564046 41.395141 44.295001
110.564046 41.395141 44.295001
110.740690 39.188972 44.940914
111.420645 39.901944 45.112179
112.100601 40.614916 45.283443
110.060734 38.476000 44.769650
108.654626 34.801486 43.527693
108.153260 40.275182 45.567918
108.337111 41.235084 45.779548
108.337111 41.235084 45.779548
108.220237 40.461728 47.236151
108.220237 40.461728 47.236151
107.785559 38.355378 45.144659
108.822776 34.023614 42.922184
110.462606 32.906079 42.621793
111.504781 34.211428 43.603882
113.974548 37.767395 45.917829
115.501021 38.985766 46.348471
115.501021 38.985766 46.348471
115.501021 38.985766 46.348471
113.842206 37.448070 46.422198
114.473100 37.737929 47.141888
115.103994 38.027789 47.861578
115.103994 38.027789 47.861578
115.103994 38.027789 47.861578
111.143699 34.578657 43.270224
114.357090 39.998725 45.580120
114.357090 39.998725 45.580120
112.347258 39.763068 45.464166
112.332781 40.499709 46.140296
112.332781 40.499709 46.140296
111.066595 33.653176 42.899363
108.697887 29.018268 41.831974
108.386043 30.434685 43.100666
108.388535 31.305288 43.592646
108.391026 32.175890 44.084627
109.563663 37.335526 49.748697
110.053998 37.954781 50.361963
110.053998 37.954781 50.361963
108.707226 36.296880 49.494081
108.582995 36.097017 48.522164
108.809931 39.037941 49.306639
108.809931 39.037941 49.306639
106.952674 39.183362 49.035087
106.952674 39.183362 49.035087
106.952674 39.183362 49.035087
108.608419 32.945499 44.684995
108.844664 30.877400 45.266235
108.844664 30.877400 45.266235
108.576980 31.315424 47.140759
108.574142 32.750789 52.771156
108.836241 32.756137 53.736182
108.836241 32.756137 53.736182
108.836241 32.756137 53.736182
108.859330 31.762212 46.992132
108.859330 31.762212 46.992132
109.290279 33.853119 51.372333
109.066763 33.919827 53.358684
109.066763 33.919827 53.358684
109.059887 34.371847 51.139512
108.717737 34.923928 51.899868
108.375587 35.476009 52.660223
109.402037 33.819766 50.379157
108.383552 29.564083 42.608685
108.828093 28.638950 40.915915
110.085441 25.133966 37.473002
109.735919 26.050374 37.668017
109.668520 30.678199 39.184866
109.952547 34.470929 39.978419
109.952547 34.470929 39.978419
111.621397 40.265400 43.108709
112.168114 41.085060 43.279759
112.714831 41.904719 43.450809
112.714831 41.904719 43.450809
112.093470 40.467163 44.322852
112.602865 40.977875 45.015449
110.124792 36.334486 40.454608
110.124792 36.334486 40.454608
110.850863 41.085274 41.405053
111.709756 42.678210 42.256440
110.344654 41.106325 41.550123
110.267892 41.923844 42.120886
110.191129 42.741362 42.691650
110.421416 40.288807 40.979359
110.291974 35.394301 40.157788
110.875625 33.648273 41.362244
110.875625 33.648273 41.362244
111.684771 38.097408 46.449825
112.093340 38.480555 47.278239
111.059415 38.045115 46.539854
110.842628 38.375969 47.458298
110.625841 38.706822 48.376742
110.625841 38.706822 48.376742
113.386718 38.943979 46.414105
113.549943 39.375655 47.301242
112.946966 38.912540 45.183044
112.833664 39.744453 45.726259
112.720362 40.576367 46.269474
112.720362 40.576367 46.269474
113.060269 38.080626 44.639830
111.233919 34.197662 42.117093
109.550570 31.508404 39.729704
109.104699 30.745486 38.911035
108.955503 33.461326 39.980994
109.058713 34.371496 40.382164
107.626598 40.920805 45.958163
107.626598 40.920805 45.958163
107.626598 40.920805 45.958163
106.406491 40.003892 44.997501
105.865853 40.457628 45.705903
105.865853 40.457628 45.705903
108.988660 36.133288 41.176719
108.988660 36.133288 41.176719
109.204150 41.297958 43.908138
109.096734 42.008166 44.603886
109.096734 42.008166 44.603886
109.028589 40.781225 42.692566
108.638196 41.684908 42.868493
108.247803 42.588591 43.044419
108.247803 42.588591 43.044419
108.454354 32.288449 39.881451
107.864894 33.583377 41.287047
107.864894 33.583377 41.287047
106.602316 34.749765 42.181040
106.602316 34.749765 42.181040
103.550657 38.395125 45.485636
103.043303 38.724489 46.281947
103.043303 38.724489 46.281947
103.717912 38.172494 44.195742
102.870461 38.608592 44.498472
102.023010 39.044689 44.801202
107.081000 34.946240 42.419723
105.215299 38.141538 45.580068
104.456653 38.579840 46.062093
103.698008 39.018142 46.544119
105.580828 38.587104 45.351494
105.973944 37.703237 45.098043
107.323374 34.095135 41.954025
108.749084 31.640985 39.178654
113.408603 18.445677 31.296111
113.864583 21.818597 29.409582
113.864583 21.818597 29.409582
115.422370 24.861803 27.499693
115.891287 25.731972 27.348289
115.891287 25.731972 27.348289
117.562748 29.826373 25.261593
117.562748 29.826373 25.261593
118.172056 31.406862 24.332243
118.332387 33.221399 23.506561
119.777598 37.610517 18.455346
119.947838 37.926841 17.522095
120.118078 38.243165 16.588844
120.118078 38.243165 16.588844
120.118078 38.243165 16.588844
119.240522 38.972184 19.915870
119.286762 39.552656 19.102904
119.333001 40.133129 18.289939
120.677621 40.383339 19.045647
120.677621 40.383339 19.045647
120.677621 40.383339 19.045647
119.194282 38.391711 20.728836
118.634846 31.883715 22.139435
118.634846 31.883715 22.139435
119.726584 32.444374 20.650570
123.145571 34.138711 15.019960
123.658094 34.051680 16.731607
124.511838 34.023953 16.211652
121.950606 34.107133 17.771516
119.249088 32.805066 20.560793
119.249088 32.805066 20.560793
121.471004 36.925989 15.634939
121.471004 36.925989 15.634939
120.008596 34.816445 17.187738
118.982653 32.111315 21.229913
117.775672 29.997204 25.834898
119.135668 33.093414 23.918307
120.384028 34.254267 23.018258
124.424286 38.113361 19.148898
124.424286 38.113361 19.148898
123.726801 37.251409 21.091655
125.543947 37.755547 20.425453
122.818228 36.999340 21.424756
123.037200 39.138369 19.023393
123.037200 39.138369 19.023393
123.037200 39.138369 19.023393
122.648224 40.197831 20.480411
120.983426 37.710083 20.679294
120.725424 32.131966 24.509929
122.351599 33.183842 24.403058
122.351599 33.183842 24.403058
126.478779 35.748053 23.834476
126.248431 36.105331 24.293884
127.007350 36.603228 24.713576
127.766269 37.101124 25.133267
122.225769 33.171849 23.858441
122.225769 33.171849 23.858441
127.865278 36.581849 22.335523
127.865278 36.581849 22.335523
125.742503 35.951057 21.850773
126.718078 37.613472 21.317263
125.254715 35.119850 22.117528
121.631427 32.498112 24.297571
118.300295 30.839880 25.713782
114.720214 25.818684 26.871683
114.720214 25.818684 26.871683
115.256124 29.803972 24.132721
115.681001 31.986034 22.259105
115.734117 32.639265 21.503812
115.734117 32.639265 21.503812
116.675481 33.853065 20.356764
119.392143 37.421032 16.649528
118.398071 36.798589 18.269524
116.077944 34.009930 20.176089
117.997712 37.977595 15.109130
117.121564 39.254824 15.955586
116.041261 33.165920 20.711160
116.869748 31.648750 22.593374
118.881423 33.430499 21.600154
124.089467 37.408670 19.857539
124.089467 37.408670 19.857539
124.089467 37.408670 19.857539
123.496089 38.334738 21.138234
123.496089 38.334738 21.138234
123.496089 38.334738 21.138234
118.758153 33.271251 21.035907
118.758153 33.271251 21.035907
123.631153 36.889261 17.911421
123.631153 36.889261 17.911421
123.631153 36.889261 17.911421
121.539992 36.141301 18.187835
122.261099 37.836994 17.410255
114.762299 30.029199 24.348434
114.762299 30.029199 24.348434
115.358128 32.356415 22.705953
116.376929 34.801940 21.675191
118.010386 39.269838 20.563299
119.408769 40.651269 20.194285
119.408769 40.651269 20.194285
118.375668 41.256548 21.583442
117.311194 38.579123 20.747805
118.769608 40.069183 18.119660
118.769608 40.069183 18.119660
118.769608 40.069183 18.119660
116.711143 40.419277 17.765646
116.711143 40.419277 17.765646
116.711143 40.419277 17.765646
116.196204 33.818451 21.665875
115.704040 33.771752 23.908336
115.564166 35.695787 23.993525
115.564166 35.695787 23.993525
115.304208 42.502920 24.578411
115.304208 42.502920 24.578411
114.342464 41.395064 23.706715
113.839872 42.257711 23.763662
116.091670 35.636153 23.704073
117.065283 41.371641 23.290287
116.929702 42.359615 23.364630
117.215024 41.077986 22.066820
117.154314 41.919132 21.529429
117.154314 41.919132 21.529429
114.724916 29.041922 24.502987
114.815627 20.925315 30.820082
115.453494 21.671879 30.630957
120.121909 30.154185 31.570415
120.121909 30.154185 31.570415
121.409908 32.743884 31.227583
121.776949 33.634179 30.958036
123.132101 34.976903 30.673928
126.466895 38.462330 29.907830
127.819428 39.473600 28.836388
127.819428 39.473600 28.836388
126.739669 38.270865 30.468456
127.688709 38.585034 30.493360
128.637749 38.899204 30.518264
128.637749 38.899204 30.518264
125.790629 37.956695 30.443551
124.590212 39.590192 29.251221
126.096006 40.777780 28.683579
126.096006 40.777780 28.683579
124.289939 39.839401 29.825691
124.742563 40.682404 30.116340
121.496704 31.525399 31.665711
122.317584 32.087505 31.564743
123.138464 32.649610 31.463775
123.138464 32.649610 31.463775
124.703389 33.652401 32.026304
129.657567 36.512742 33.310411
130.619996 36.725773 33.478780
130.619996 36.725773 33.478780
130.619996 36.725773 33.478780
128.379940 36.453751 33.641768
129.027172 36.820824 34.309862
127.732709 36.086679 32.973675
124.644991 33.860797 31.513539
129.481141 37.111181 31.813214
130.331978 37.509030 32.156424
130.331978 37.509030 32.156424
128.300740 37.145575 31.324841
129.343284 38.805759 31.720935
120.675825 30.963294 31.766678
120.469648 32.033837 32.270538
121.011289 32.871783 32.203666
121.552929 33.709730 32.136795
122.701927 35.156167 32.715758
125.634055 38.816827 34.048278
126.523043 39.256498 34.176305
127.412030 39.696169 34.304332
127.412030 39.696169 34.304332
125.328319 38.828035 34.595918
126.494822 39.729793 35.947253
122.427730 35.413020 32.195599
126.000579 41.041646 32.851744
124.202162 40.960384 32.310701
124.279671 41.918401 32.586737
124.279671 41.918401 32.586737
124.279671 41.918401 32.586737
124.047144 39.044350 31.758629
122.243187 34.430226 32.203344
120.559136 31.812563 32.807932
122.332710 34.396363 35.020327
122.332710 34.396363 35.020327
123.193942 38.212975 37.949727
122.969809 38.890404 38.650337
122.745675 39.567832 39.350948
122.745675 39.567832 39.350948
123.418076 37.535547 37.249116
122.824690 34.403071 34.675656
122.824690 34.403071 34.675656
126.286756 38.808268 38.570466
126.002542 38.806644 36.861735
126.316739 39.725321 37.101137
125.374147 36.969291 36.382931
122.304931 33.581535 34.441290
119.928008 31.195891 32.337409
119.354152 29.532026 31.417225
117.834665 24.792543 30.642402
118.239892 25.671298 30.390249
123.111398 31.740568 30.151135
123.849588 32.403995 30.028906
125.240624 33.634888 30.600184
129.817274 36.909170 32.002807
130.749295 37.137785 32.284004
130.749295 37.137785 32.284004
130.749295 37.137785 32.284004
129.444353 37.977951 33.549404
129.444353 37.977951 33.549404
127.953232 36.451939 31.440413
125.233356 33.747561 29.966242
130.095845 38.396265 30.634919
128.443902 37.400476 29.473625
129.050055 39.306211 29.501042
129.050055 39.306211 29.501042
122.316958 30.967860 30.872960
122.998898 31.522007 31.350326
123.680839 32.076154 31.827693
126.223482 37.861850 36.323718
126.442018 38.375961 37.153135
125.625427 37.680500 35.171732
125.303460 39.374241 36.185428
125.303460 39.374241 36.185428
125.786410 36.833630 34.664884
124.826901 33.397678 32.611192
127.932345 37.444971 35.376186
128.132285 38.225008 35.969116
128.132285 38.225008 35.969116
128.132285 38.225008 35.969116
127.973900 36.779824 34.255432
128.415335 37.674753 34.320539
128.856769 38.569681 34.385646
128.856769 38.569681 34.385646
127.532465 35.884896 34.190326
120.940317 29.723547 29.731211
122.141830 31.191576 29.494554
123.751009 32.376675 29.572552
124.790401 33.978549 29.956720
124.790401 33.978549 29.956720
127.677167 37.873428 30.696830
129.059699 39.000805 31.601058
129.059699 39.000805 31.601058
129.059699 39.000805 31.601058
127.545472 39.964444 31.525116
125.168416 33.719170 29.662170
128.979510 36.691738 30.411904
129.479862 37.442154 30.843787
128.945757 36.809557 29.811340
129.412356 37.677792 29.642659
129.878955 38.546027 29.473978
129.878955 38.546027 29.473978
124.445776 33.048482 29.829407
121.647845 31.530965 29.642682
122.357033 35.324478 29.796926
122.357033 35.324478 29.796926
122.676815 40.207100 29.598741
122.437237 40.976013 28.560896
122.172751 41.832923 28.118457
122.172751 41.832923 28.118457
122.966210 39.262192 29.445773
122.816213 35.246920 30.143031
123.937739 40.916588 30.843197
124.900628 40.657165 30.217375
125.266429 41.520102 29.868765
124.169027 38.931290 30.914595
121.337240 30.599027 29.455554
113.539894 19.432187 31.198331
112.505326 17.533818 31.479467
112.282433 18.501526 31.597199
112.660893 21.304716 30.960696
112.963353 22.223696 30.707726
113.875506 26.001679 30.926904
114.143169 34.763797 30.992825
114.088945 35.735821 30.764288
116.004346 42.188197 29.697641
116.501765 43.762462 28.568809
117.160035 42.792006 29.957185
114.129521 37.651309 30.465840
114.185146 42.462219 29.602456
114.609971 43.348453 29.417763
115.034796 44.234688 29.233069
114.030042 44.320529 30.968132
114.030042 44.320529 30.968132
114.030042 44.320529 30.968132
113.760321 41.575984 29.787149
117.048721 36.773778 31.340429
120.925035 40.988221 32.229606
119.737220 40.675129 32.629263
120.337527 41.242853 33.192576
119.580942 41.015624 30.672261
120.274170 41.669457 30.975472
120.967399 42.323290 31.278682
120.967399 42.323290 31.278682
120.967399 42.323290 31.278682
119.061845 41.313897 30.620392
119.410108 43.218109 31.123074
118.887714 40.361791 30.369051
113.593997 31.834335 31.662639
113.678886 33.749253 31.868010
113.918597 34.717124 31.792078
114.158307 35.684994 31.716146
114.554289 37.477084 32.306732
114.554289 37.477084 32.306732
116.956319 43.590106 33.758454
116.956319 43.590106 33.758454
115.301621 42.043812 33.892003
115.556898 42.750220 34.552170
115.812174 43.456628 35.212338
115.046344 41.337403 33.231836
114.418601 37.605493 31.739595
115.923031 44.193330 32.183504
115.923031 44.193330 32.183504
114.248193 43.351451 31.841267
113.937779 44.253008 32.142660
113.937779 44.253008 32.142660
113.937779 44.253008 32.142660
114.869020 41.548336 31.238482
114.520575 36.612844 31.804783
113.687314 33.604663 32.454468
114.183591 35.251222 33.475522
113.945990 36.725895 34.697337
113.945990 36.725895 34.697337
113.788004 41.065498 38.605407
113.885231 41.572828 39.461657
113.137802 40.574544 37.612647
112.682052 41.098247 38.332388
112.226302 41.621951 39.052128
112.226302 41.621951 39.052128
112.226302 41.621951 39.052128
114.395131 36.949869 34.360625
115.175869 41.220244 36.651470
114.982518 42.632436 38.054441
114.982518 42.632436 38.054441
115.016920 41.464549 36.127168
114.761295 42.414950 36.304352
114.505671 43.365351 36.481535
114.505671 43.365351 36.481535
115.272544 40.514148 35.949984
114.318691 35.974770 34.152446
113.439176 32.781383 31.943942
113.620248 30.965444 31.168332
114.003688 26.873541 29.913952
114.003688 26.873541 29.913952
116.300040 34.157190 28.383268
117.752746 36.655973 28.356780
120.158924 40.928000 28.442480
120.947944 41.542189 28.457286
121.736964 42.156377 28.472091
119.790314 41.063515 28.938751
120.631134 42.562924 29.960904
119.369904 40.313811 28.427675
117.623384 36.693415 27.781834
120.616769 41.592063 26.813751
121.234588 42.362740 26.969811
119.504864 41.042955 26.513220
119.752333 43.027450 26.536398
119.381130 40.050707 26.501631
117.438571 35.752435 28.065383
115.757826 33.337506 29.218084
116.707330 34.981489 29.847179
116.707330 34.981489 29.847179
116.851800 36.756464 30.596698
116.851800 36.756464 30.596698
117.406399 41.228684 32.467279
117.526791 41.888018 33.209428
117.647184 42.547351 33.951577
116.870925 41.345658 32.199530
116.455844 42.121965 32.673929
116.040763 42.898273 33.148328
116.040763 42.898273 33.148328
117.286007 40.569350 31.725131
117.432821 36.686725 30.387783
117.432821 36.686725 30.387783
119.346311 40.875079 32.010392
119.329614 41.750376 32.493688
119.312916 42.625673 32.976985
119.748621 41.949983 31.307968
119.941428 42.925084 31.198405
119.941428 42.925084 31.198405
119.363009 39.999781 31.527095
116.983742 35.793634 30.361005
114.737694 31.495940 28.501976
115.044497 33.355115 28.102910
115.403462 34.288115 28.077312
115.762427 35.221115 28.051715
115.728350 37.150089 28.190343
116.109185 42.960267 28.616125
115.351667 42.031913 28.095538
114.960113 42.925979 28.313094
114.568559 43.820046 28.530650
114.568559 43.820046 28.530650
114.568559 43.820046 28.530650
115.743221 41.137846 27.877982
116.237267 37.062427 27.831831
117.810467 42.692836 27.544132
117.830312 43.682792 27.684107
117.830312 43.682792 27.684107
117.742689 41.634088 26.876026
117.714601 42.555253 26.487868
117.686513 43.476418 26.099711
117.770778 40.712924 27.264183
115.976206 36.182013 28.227706
114.487335 33.396003 28.239231
113.265407 37.034111 28.023595
113.265407 37.034111 28.023595
110.433117 43.145765 27.436744
110.433117 43.145765 27.436744
111.562487 41.395569 26.590427
110.287285 42.672395 25.728120
110.287285 42.672395 25.728120
113.709574 37.232866 28.370427
112.678428 42.023406 28.387154
112.157942 42.852771 28.184059
113.232110 42.099129 28.166324
113.298501 43.909306 27.318471
113.198914 41.194041 28.590250
113.653355 36.242289 28.495309
114.685533 32.422115 28.128507
112.299172 22.301996 32.416512
111.332002 25.760504 33.898050
109.347326 31.107611 35.339578
109.347326 31.107611 35.339578
108.680169 33.915759 35.816141
108.520965 42.066311 38.726582
108.870379 42.983337 38.918866
108.870379 42.983337 38.918866
108.043981 40.862302 39.086212
108.265826 41.492346 39.830410
108.487671 42.122389 40.574607
108.151766 36.759567 36.178705
107.695026 43.381871 37.285121
105.811711 42.949780 37.559274
105.811711 42.949780 37.559274
108.616241 35.882356 36.057200
109.150315 33.602724 36.825362
109.248860 34.436063 37.369269
108.884012 35.581849 38.878260
107.939336 38.748357 42.472550
108.130687 39.230680 43.327389
108.322039 39.713004 44.182227
108.322039 39.713004 44.182227
107.379764 38.507749 42.515480
107.011544 38.749463 43.413248
106.643324 38.991178 44.311017
106.643324 38.991178 44.311017
109.170143 35.985122 38.543129
109.396024 39.780276 41.580738
109.333424 40.204770 42.484002
109.270825 40.629263 43.387266
109.270825 40.629263 43.387266
108.182675 41.558907 42.264356
109.316949 35.089543 38.123144
104.365150 39.332487 39.714081
104.157870 39.999205 40.429987
103.881515 38.972445 39.652838
103.190599 39.279122 40.307501
102.499683 39.585800 40.962165
107.213312 36.145603 37.061595
106.071896 40.538045 38.879331
105.147795 41.814651 40.110717
105.398647 41.540416 38.402501
104.830997 42.360753 38.471933
104.830997 42.360753 38.471933
107.517209 35.195710 36.988453
107.019604 32.791005 36.324655
106.398457 33.314734 36.907650
104.820606 34.293149 37.504694
100.179473 36.893397 39.883377
99.320340 37.016939 40.379994
99.320340 37.016939 40.379994
100.021927 37.319234 38.721303
99.084021 37.655695 38.636882
99.084021 37.655695 38.636882
101.897738 36.646312 38.890143
105.238549 34.479739 37.908388
102.428048 37.235525 40.829782
100.735196 38.009798 41.561051
102.725745 37.660793 40.661369
102.177017 38.473197 40.858590
101.628288 39.285602 41.055810
105.624426 33.706712 37.404872
108.261898 31.743546 35.158664
111.934484 26.924161 33.866164
111.656546 31.558345 35.429995
111.656546 31.558345 35.429995
111.553381 33.238748 36.361207
111.675362 33.984966 37.015638
111.262724 36.077862 38.961041
110.509519 39.686503 42.183172
110.435604 40.106560 43.087654
110.361689 40.526617 43.992137
110.361689 40.526617 43.992137
110.361689 40.526617 43.992137
109.928898 39.717569 41.885379
110.583434 39.266446 41.278689
111.106627 41.261569 43.428190
112.004317 40.280979 41.620609
111.828139 41.242422 41.831768
111.651962 42.203865 42.042928
111.651962 42.203865 42.042928
112.180495 39.319536 41.409450
111.716809 35.343459 38.456602
110.888426 33.081962 36.304897
108.442966 35.587820 37.924787
105.343539 38.996177 39.615294
104.507169 39.368054 40.018025
103.670799 39.739932 40.420756
103.670799 39.739932 40.420756
105.397469 39.238992 39.112855
106.179908 38.624299 39.212562
106.260228 38.945412 40.960388
105.485389 39.539473 41.176523
104.710549 40.133535 41.392659
107.035067 38.351350 40.744252
109.070524 34.809498 37.905125
111.431401 32.492530 35.706777
111.905924 31.688349 34.842818
111.856212 33.590791 35.205819
111.638118 35.401458 36.026746
110.018521 41.998085 36.446859
109.463202 42.782244 36.723835
109.105636 43.632866 35.173334
110.573840 41.213926 36.169882
111.448614 37.241865 36.607055
110.384225 42.646443 38.456003
109.957774 43.549063 38.514446
109.957774 43.549063 38.514446
109.957774 43.549063 38.514446
111.611386 42.805608 38.306849
111.798514 43.787811 38.290715
111.798514 43.787811 38.290715
111.798514 43.787811 38.290715
111.300075 36.293694 36.326147
111.022574 34.441199 34.625893
110.551231 35.319069 34.541161
110.093228 37.007813 33.708130
107.461304 42.587953 30.932876
109.192834 42.009437 30.943140
109.173724 42.659143 30.183194
109.892205 37.112839 34.271202
109.892205 37.112839 34.271202
107.347444 43.193048 32.618672
107.347444 43.193048 32.618672
108.426406 42.738750 33.950678
108.517726 43.731045 33.866943
108.243766 40.754160 34.118150
110.087281 36.134935 34.196033
111.965260 32.685458 34.795355
111.875384 24.925888 33.807769
